spawns: 
  default: 
    world: Spawn
    x: -38.5136074792373
    y: 93.0
    z: 71.3824233094913
    yaw: 0.5252075
    pitch: 3.000122
