world: Spawn
x: 12.682543220788617
y: 99.0
z: 81.53988953031852
yaw: -180.5248
pitch: 9.150141
name: Auctioner
