world: Spawn
x: -38.4645367319526
y: 79.0625
z: 265.1282791570394
yaw: -0.5254822
pitch: 6.60023
name: Banker
