world: Spawn
x: -105.56836050354238
y: 110.0625
z: 72.22278832958528
yaw: 141.97296
pitch: 7.950023
name: blacksmith
