world: Spawn
x: -10.81860418246655
y: 99.0
z: 90.51675079681213
yaw: -91.2747
pitch: 7.3501296
name: Crates
