world: Spawn
x: -26.374394339710413
y: 59.0
z: 159.0886035392416
yaw: -268.42532
pitch: 4.200173
name: Mine
