world: Spawn
x: 51.49976076075814
y: 97.5
z: 227.58457748644727
yaw: -1.4247131
pitch: 1.2002015
name: PvP
